########################
###### INPUT INFO ######
########################

Nwalkers = 150
Nburn = 20000
Nsteps = 20000

2457166.2599820495,1113.4494649962382,491.2163268854319,89.91656015392128,0.02601539540047901,0.44910533496287974,0.020716375446003698,-4.395467581503189,-4.144795895174802,-3.8640049306179174

----Final Results----- 

Parameter Name, Median Value, Err-, Err+, GR statistic
	t0: 2457166.2603340447, 0.001641716342419386, 0.0016418825834989548, 1.0106765366942772
	per: 65.49700571782034, 0.0001047947920653769, 0.00010422489167183357, 1.0090989778192854
	a: 31.38310035646277, 3.1019783354968418, 4.722499684950591, 1.075060750380837
	inc: 88.81375509927211, 0.29202888523784054, 0.42024649069684017, 1.105970986776961
	rp: 0.025597050301062796, 0.0006701290221660626, 0.0005010835599448885, 1.062705922914595
	q1: 0.4449640106449611, 0.015002478258483387, 0.01528120670903027, 1.0103823592017191
	q2: 0.02731408404639809, 0.01765685394360745, 0.022616641501866368, 1.0124089534687124
	f1: 4.140311506215377e-05, 3.0339084714482386e-06, 3.413263210046582e-06, 1.0114773582330838
	f2: 7.15737920610727e-05, 5.153650123207828e-06, 5.855838729463232e-06, 1.0096001186367112
	f3: 0.00013730095749513134, 1.8653619936835467e-06, 1.9512467146601037e-06, 1.0099737433858227
