########################
###### INPUT INFO ######
########################

Nwalkers = 150
Nburn = 20000
Nsteps = 20000

2457166.2599820495,1113.4494649962382,491.2163268854319,89.91656015392128,0.02601539540047901,0.44910533496287974,0.020716375446003698,-4.395467581503189,-4.144795895174802,-3.8640049306179174

----Final Results----- 

Parameter Name, Median Value, Err-, Err+, GR statistic
	t0: 2457166.2602721434, 0.0016496442258358002, 0.0016273362562060356, 1.0155969082786034
	per: 79.53208219738943, 0.00012705070400897966, 0.00013276802923201103, 4.591410289042346
	a: 38.270350244810565, 3.891226446506181, 6.162031387802195, 1.1234135316393958
	inc: 89.03328371984904, 0.24794992265707094, 0.3620766678378686, 1.1498166164155168
	rp: 0.02559258734065108, 0.0007051904482093842, 0.0004992436198682226, 1.1152553303275121
	q1: 0.44511095766931974, 0.014762096334007824, 0.014560866398278915, 1.0185674990875349
	q2: 0.027986760527062764, 0.018120539258627496, 0.02257343382483649, 1.023037408973652
	f1: 4.153871852969815e-05, 3.092179223483585e-06, 3.5517928933434303e-06, 1.058757460446162
	f2: 7.155692475368062e-05, 5.2398158741663174e-06, 6.252170250559087e-06, 1.0486768381268954
	f3: 0.00013730175147701142, 1.8941534306542824e-06, 1.974872603588987e-06, 1.4249021798095693
