########################
###### INPUT INFO ######
########################

Nwalkers = 150
Nburn = 20000
Nsteps = 20000

2457166.2599820495,1113.4494649962382,491.2163268854319,89.91656015392128,0.02601539540047901,0.44910533496287974,0.020716375446003698,-4.395467581503189,-4.144795895174802,-3.8640049306179174

----Final Results----- 

Parameter Name, Median Value, Err-, Err+, GR statistic
	t0: 2457166.2603103095, 0.0016305642202496529, 0.0016717077232897282, 1.0190021473150752
	per: 55.67245667973452, 9.08588325501114e-05, 8.79854313993178e-05, 1.0183654209217468
	a: 26.890127815515985, 2.8556482782962114, 4.564016767786548, 1.1583742708697178
	inc: 88.63094551728953, 0.3709749171665493, 0.566633659767902, 1.1883828528029587
	rp: 0.0255612201098262, 0.0007512009882484835, 0.0005365273714397351, 1.1382149249150302
	q1: 0.4447708678038005, 0.015130194222193027, 0.01490525576042212, 1.0276924863092454
	q2: 0.027911021297197015, 0.01766589317505646, 0.02273444740734334, 1.0204328766616437
	f1: 4.141073378265251e-05, 3.0519321276197415e-06, 3.3636891682853004e-06, 1.0156700381523844
	f2: 7.178293854184333e-05, 5.2631683590151585e-06, 5.993647246505044e-06, 1.0278271750309385
	f3: 0.000137279776748981, 1.915508859047521e-06, 1.970724419184751e-06, 1.0280838884486456
