########################
###### INPUT INFO ######
########################

Nwalkers = 150
Nburn = 20000
Nsteps = 20000

2457166.2599820495,1113.4494649962382,491.2163268854319,89.91656015392128,0.02601539540047901,0.44910533496287974,0.020716375446003698,-4.395467581503189,-4.144795895174802,-3.8640049306179174

----Final Results----- 

Parameter Name, Median Value, Err-, Err+, GR statistic
	t0: 2457166.2602631324, 0.0016424944624304771, 0.0016337661072611809, 1.0201080528947453
	per: 159.0641699392513, 0.0002515073934432621, 0.0002501877130214325, 1.0177443332173568
	a: 77.45659316872542, 8.523903147752478, 13.457063648739293, 1.1503845662110148
	inc: 89.53062165891956, 0.1348229702006165, 0.2058582583080124, 1.1693421709635072
	rp: 0.025520809387118676, 0.0007597984864769688, 0.0005544928542069068, 1.1325315026514093
	q1: 0.44455536584154853, 0.015174425468190755, 0.0151858926941153, 1.0373129604364661
	q2: 0.02822787808281975, 0.018115837790001504, 0.023350673677210262, 1.0264721615655852
	f1: 4.130508356169014e-05, 3.0333641570312876e-06, 3.461639476471565e-06, 1.0237870943122724
	f2: 7.185914561485613e-05, 5.330546268612584e-06, 6.086909537700346e-06, 1.0373993196355307
	f3: 0.00013739153611773525, 1.8709027404856975e-06, 1.9383086860142167e-06, 1.0227752095175802
