########################
###### INPUT INFO ######
########################

Nwalkers = 150
Nburn = 20000
Nsteps = 20000

2457166.2599820495,1113.4494649962382,491.2163268854319,89.91656015392128,0.02601539540047901,0.44910533496287974,0.020716375446003698,-4.395467581503189,-4.144795895174802,-3.8640049306179174

----Final Results----- 

Parameter Name, Median Value, Err-, Err+, GR statistic
	t0: 2457166.2603096925, 0.0016158027574419975, 0.0016250698827207088, 1.0139701102479866
	per: 556.7245489382052, 0.0008871327532915529, 0.0008862743744657564, 1.0118280034372829
	a: 266.7896191789969, 26.93453618701625, 41.21769912813187, 1.054588121686205
	inc: 89.86053154873362, 0.03508628847964701, 0.05077318084092042, 1.0616682531381412
	rp: 0.025596878205309394, 0.000684152040435624, 0.0005110377153847052, 1.0491030495268159
	q1: 0.4446965396233087, 0.014863955110721527, 0.015135629265114803, 1.0196355759820022
	q2: 0.02816964616115825, 0.018034422768971006, 0.022828419432859678, 1.016187876031169
	f1: 4.134623798994002e-05, 3.0823268123807146e-06, 3.457887630809055e-06, 1.013444970773473
	f2: 7.1387859766242e-05, 4.981530080702028e-06, 5.704934497313352e-06, 1.014902865950716
	f3: 0.00013730338460955376, 1.8996298458911847e-06, 1.998432747034811e-06, 1.0137645265514872
