########################
###### INPUT INFO ######
########################

Nwalkers = 150
Nburn = 20000
Nsteps = 20000

2457166.2599820495,1113.4494649962382,491.2163268854319,89.91656015392128,0.02601539540047901,0.44910533496287974,0.020716375446003698,-4.395467581503189,-4.144795895174802,-3.8640049306179174

----Final Results----- 

Parameter Name, Median Value, Err-, Err+, GR statistic
	t0: 2457166.260333473, 0.001661502756178379, 0.0016239951364696026, 1.010545514719724
	per: 185.57484879416603, 0.00029469149808392103, 0.0002984609990619447, 1.008516993812759
	a: 89.47779737544163, 9.342393383642445, 13.817739780776279, 1.0713648852546287
	inc: 89.58770925832721, 0.10911768077296813, 0.1534269216037103, 1.0916220773571879
	rp: 0.025567476566844424, 0.0006864998242942823, 0.0005260278601471359, 1.0668078247710333
	q1: 0.44477871993570517, 0.014893315899196957, 0.014903327794664634, 1.0076821121793096
	q2: 0.02731269896058368, 0.017497256819916995, 0.02286290172740338, 1.020737835753741
	f1: 4.150777541606257e-05, 3.0637165285517977e-06, 3.3251048873639508e-06, 1.0094657878760822
	f2: 7.1573181355843e-05, 5.3024500556088806e-06, 5.940448471968289e-06, 1.020542604007702
	f3: 0.00013739375698097059, 1.8991665346180218e-06, 1.92516587738326e-06, 1.0129227058272305
