########################
###### INPUT INFO ######
########################

Nwalkers = 150
Nburn = 20000
Nsteps = 20000

2457166.2599820495,1113.4494649962382,491.2163268854319,89.91656015392128,0.02601539540047901,0.44910533496287974,0.020716375446003698,-4.395467581503189,-4.144795895174802,-3.8640049306179174

----Final Results----- 

Parameter Name, Median Value, Err-, Err+, GR statistic
	t0: 2457166.260279993, 0.0016018273308873177, 0.0016306671313941479, 1.0090009138751157
	per: 111.3449132427784, 0.00017780379631915366, 0.00017656155175416188, 1.0092659498117897
	a: 53.36428707134464, 5.323662219371407, 8.157872171085678, 1.059389008468772
	inc: 89.30278935218358, 0.17326883750367017, 0.2513418375749268, 1.0751647041700578
	rp: 0.025597408521190364, 0.0006761181860022968, 0.0005020777740936018, 1.0521256014990885
	q1: 0.44472344074014053, 0.01552776964553948, 0.014949756752837995, 1.0282400449430524
	q2: 0.027668867812291754, 0.017828359346168478, 0.02321591857583053, 1.0233322065857458
	f1: 4.138328227478798e-05, 3.0690469299171606e-06, 3.399958377399988e-06, 1.0069846056143363
	f2: 7.156232674642903e-05, 5.13364094084515e-06, 5.905964575551368e-06, 1.0064156680699108
	f3: 0.00013731965020114358, 1.8950169575800558e-06, 1.9556989563030097e-06, 1.0080255683733303
