########################
###### INPUT INFO ######
########################

Nwalkers = 150
Nburn = 20000
Nsteps = 20000

2457166.2599820495,1113.4494649962382,491.2163268854319,89.91656015392128,0.02601539540047901,0.44910533496287974,0.020716375446003698,-4.395467581503189,-4.144795895174802,-3.8640049306179174

----Final Results----- 

Parameter Name, Median Value, Err-, Err+, GR statistic
	t0: 2457166.2603690573, 0.0016643390990793705, 0.001715982798486948, 1.1957943008648444
	per: 1113.4490509694501, 0.0018142958706448553, 0.0017931192967353127, 1.0267574029357058
	a: 533.4539617220223, 56.338684270318936, 81.09808162153399, 1.3868921427181067
	inc: 89.93024159802954, 0.018419975508592756, 0.02497641668033168, 2.178193843957181
	rp: 0.0255968687547014, 0.0006727230466422526, 0.0005346819724087147, 3.327270135340889
	q1: 0.4441811175935353, 0.014398922347363785, 0.01534175693192108, 1.0204303275360445
	q2: 0.0281647048973066, 0.018060778432314496, 0.022346373873788444, 1.0499514785825923
	f1: 4.1487900260612495e-05, 3.1209776561989415e-06, 3.5962524636253676e-06, 1.5155873608815489
	f2: 7.184041124724754e-05, 5.238906539828874e-06, 6.186617313591898e-06, 1.074166229954509
	f3: 0.00013732460181076558, 1.9030280427076538e-06, 2.0373282738272915e-06, 1.4702544484305025
