########################
###### INPUT INFO ######
########################

Nwalkers = 150
Nburn = 20000
Nsteps = 20000

2457166.2599820495,1113.4494649962382,491.2163268854319,89.91656015392128,0.02601539540047901,0.44910533496287974,0.020716375446003698,-4.395467581503189,-4.144795895174802,-3.8640049306179174

----Final Results----- 

Parameter Name, Median Value, Err-, Err+, GR statistic
	t0: 2457166.260299664, 0.0016292454674839973, 0.0016658492386341095, 1.0215930809424512
	per: 50.61131578517803, 0.00010030328376586795, 8.516112757916972e-05, 7152.501012532065
	a: 23.945085364267, 2.339943557259449, 3.5964708650462143, 1.0945862240453255
	inc: 88.41787674242138, 0.3271686495500603, 0.5358775066975738, 1.0833784246309717
	rp: 0.02566237800970155, 0.0006673021219551628, 0.0004876702015803244, 1.0909498399871222
	q1: 0.4465545261603525, 0.016047145860210388, 0.0165093749166349, 1.069533755388503
	q2: 0.029812828695995205, 0.019336758178556134, 0.028586098277115973, 1.1752701107549222
	f1: 4.105738836185115e-05, 3.644894438230791e-06, 3.5520284221521737e-06, 1.3054372984271019
	f2: 7.22794161159399e-05, 5.555461172104055e-06, 7.122603474518218e-06, 1.1929987904895194
	f3: 0.00013738860891237132, 1.927100953667284e-06, 2.029865435443812e-06, 1.024761364555432
