########################
###### INPUT INFO ######
########################

Nwalkers = 150
Nburn = 20000
Nsteps = 20000

2457166.2599820495,1113.4494649962382,491.2163268854319,89.91656015392128,0.02601539540047901,0.44910533496287974,0.020716375446003698,-4.395467581503189,-4.144795895174802,-3.8640049306179174

----Final Results----- 

Parameter Name, Median Value, Err-, Err+, GR statistic
	t0: 2457166.260311845, 0.0016730730421841145, 0.0016146847046911716, 1.0192367820347157
	per: 278.3622685244403, 0.00044303542267698504, 0.00045138655758591995, 1.0228209019677188
	a: 132.48007143868875, 13.105334810114996, 19.6379418066052, 1.0514108433267946
	inc: 89.71655582223183, 0.0686686551255633, 0.09662605093541288, 1.0549997452917337
	rp: 0.025636117614231766, 0.000660626121283401, 0.0004998875129348483, 1.0537022469663144
	q1: 0.4440582588925628, 0.0157769473370149, 0.01532461906192606, 1.0450935416295868
	q2: 0.02984631496019964, 0.019399054006291654, 0.028001777610156278, 1.3249741182326054
	f1: 4.109155345979162e-05, 3.113553147062499e-06, 3.519296862975606e-06, 1.0490964648257115
	f2: 7.131300313106534e-05, 5.296584586386295e-06, 5.959322125107528e-06, 1.034074924252233
	f3: 0.00013738537984169896, 1.9143584010506136e-06, 2.0178245130649376e-06, 1.027821055159079
