########################
###### INPUT INFO ######
########################

Nwalkers = 150
Nburn = 20000
Nsteps = 20000

2457166.2599820495,1113.4494649962382,491.2163268854319,89.91656015392128,0.02601539540047901,0.44910533496287974,0.020716375446003698,-4.395467581503189,-4.144795895174802,-3.8640049306179174

----Final Results----- 

Parameter Name, Median Value, Err-, Err+, GR statistic
	t0: 2457166.2603251915, 0.001616084948182106, 0.0016473010182380676, 1.0120183491827848
	per: 371.1497045198596, 0.0006011858995407238, 0.0005845716227099729, 1.010616087581201
	a: 177.9630296152575, 17.8581427639414, 27.739999105769613, 1.0826620947998367
	inc: 89.79107743911426, 0.0522725046797774, 0.07690006152607509, 1.0982320015328524
	rp: 0.02559272573793605, 0.0006871932496531064, 0.0005085294763916351, 1.07617904730595
	q1: 0.444811122508225, 0.014905418341637111, 0.014888649360902506, 1.0149627848760852
	q2: 0.026977114923858507, 0.017282475625449222, 0.022222412697591593, 1.0180986892469812
	f1: 4.146278800516284e-05, 3.0682758786804265e-06, 3.3637351232734537e-06, 1.0164720500103093
	f2: 7.162209549728086e-05, 5.189756659502816e-06, 5.965201351959318e-06, 1.0177729891413834
	f3: 0.0001373992386814243, 1.8904299497066667e-06, 1.9395506346688116e-06, 1.0167825313412602
