########################
###### INPUT INFO ######
########################

Nwalkers = 150
Nburn = 20000
Nsteps = 20000

2457166.2599820495,1113.4494649962382,491.2163268854319,89.91656015392128,0.02601539540047901,0.44910533496287974,0.020716375446003698,-4.395467581503189,-4.144795895174802,-3.8640049306179174

----Final Results----- 

Parameter Name, Median Value, Err-, Err+, GR statistic
	t0: 2457166.260379627, 0.0016621220856904984, 0.001645903568714857, 2.3961954972865795
	per: 139.18113468323145, 0.00021975797537265862, 0.00023019176478555892, 46570.14357597442
	a: 66.73545683583149, 6.679507541999676, 10.022452696715007, 1.1760614876479123
	inc: 89.44276261946995, 0.13898915105887966, 0.19106764874537419, 1.0747981713454786
	rp: 0.02560722013708085, 0.000657454493670908, 0.0005081072248601486, 1.0740103172841446
	q1: 0.4446606331805253, 0.014994366369117551, 0.014479482269416644, 1.0133165485850042
	q2: 0.028172579605490022, 0.018098408807384166, 0.022695056766508626, 1.0305520473904384
	f1: 4.14204339640115e-05, 3.083805607833797e-06, 3.5558434713585293e-06, 1.923691590866818
	f2: 7.18466582564086e-05, 5.280398103101446e-06, 6.05368935238704e-06, 1.2909353269355122
	f3: 0.0001374121475404719, 1.9193366257148447e-06, 1.970551982811736e-06, 2.9245370888949007
