########################
###### INPUT INFO ######
########################

Nwalkers = 150
Nburn = 20000
Nsteps = 20000

2457166.2599820495,1113.4494649962382,491.2163268854319,89.91656015392128,0.02601539540047901,0.44910533496287974,0.020716375446003698,-4.395467581503189,-4.144795895174802,-3.8640049306179174

----Final Results----- 

Parameter Name, Median Value, Err-, Err+, GR statistic
	t0: 2457166.2603271017, 0.0016540144570171833, 0.001671886071562767, 14.060564652261267
	per: 53.02138487429998, 8.643131204166821e-05, 8.590314251932796e-05, 13.469848377390951
	a: 25.361139277824172, 2.542257226618819, 3.7219877465123155, 1.0450779939201817
	inc: 88.52789517875183, 0.36570013911861565, 0.504726450794422, 1.053258720316995
	rp: 0.02560933747190172, 0.000653325899690544, 0.0005073766577002661, 1.0569233983895236
	q1: 0.44486180153742466, 0.015233685586816481, 0.014894681044620661, 1.2265503222543583
	q2: 0.02795500994923215, 0.017913738363406973, 0.02319140976746698, 1.2546355742626933
	f1: 4.138028844992032e-05, 3.0481289435479525e-06, 3.5028363409625435e-06, 4.939508162340722
	f2: 7.159713190806589e-05, 5.3668038988440475e-06, 5.9983090685448515e-06, 1.0133232676393784
	f3: 0.00013736842345983216, 1.8946209631980765e-06, 1.9839603331025884e-06, 1.3256503546551572
