########################
###### INPUT INFO ######
########################

Nwalkers = 150
Nburn = 20000
Nsteps = 20000

2457166.2599820495,1113.4494649962382,491.2163268854319,89.91656015392128,0.02601539540047901,0.44910533496287974,0.020716375446003698,-4.395467581503189,-4.144795895174802,-3.8640049306179174

----Final Results----- 

Parameter Name, Median Value, Err-, Err+, GR statistic
	t0: 2457166.2602882795, 0.0016540824435651302, 0.0016298424452543259, 1.0085634152451575
	per: 69.59057116004604, 0.00011243521655046607, 0.00011371558939288207, 1.0117165690567425
	a: 33.3883248474334, 3.297193633876212, 5.089764942664303, 1.0584757284520632
	inc: 88.88706368907165, 0.27454119613169325, 0.40095611328385417, 1.0745100180519103
	rp: 0.025594450942584116, 0.0006755888979588683, 0.0004976251834513182, 1.0517475389594708
	q1: 0.444710680801348, 0.015046113801103767, 0.015122882849528896, 1.0114450759590956
	q2: 0.027090373464500363, 0.01738302163333544, 0.022772744064006603, 1.0103110327111906
	f1: 4.1420961717730964e-05, 3.091987221825401e-06, 3.41659839149225e-06, 1.0130436046951798
	f2: 7.160628225225526e-05, 5.18517429321247e-06, 5.845654064076767e-06, 1.0075203944516038
	f3: 0.00013735762396438077, 1.8685586950463657e-06, 1.9019914686069835e-06, 1.007453290160672
