########################
###### INPUT INFO ######
########################

Nwalkers = 150
Nburn = 20000
Nsteps = 20000

2457166.2599820495,1113.4494649962382,491.2163268854319,89.91656015392128,0.02601539540047901,0.44910533496287974,0.020716375446003698,-4.395467581503189,-4.144795895174802,-3.8640049306179174

----Final Results----- 

Parameter Name, Median Value, Err-, Err+, GR statistic
	t0: 2457166.2603332256, 0.0016752136871218681, 0.0016160751692950726, 3.3266455757590805
	per: 85.64993121465737, 0.0001354639552317849, 0.00014003445461696629, 3.59965405535161
	a: 41.30697257134858, 4.296846260540583, 6.869122866023666, 1.1237470478819918
	inc: 89.10716718936726, 0.23586386733288123, 0.3623173127131025, 1.1438281002320358
	rp: 0.025566975814343647, 0.0007388255978672646, 0.0005256167615979856, 1.3058618321316908
	q1: 0.44460855822996187, 0.014707020835481921, 0.015299756971232648, 1.0234593875783153
	q2: 0.027328150755498406, 0.017736817891475503, 0.022593673752312835, 1.0175990702534663
	f1: 4.134119971038352e-05, 3.119601628486784e-06, 3.556451972497512e-06, 1.579977178810601
	f2: 7.183023792686745e-05, 5.21560701173284e-06, 6.099894309038374e-06, 1.0818486267792993
	f3: 0.0001373503016107604, 1.9226195676180346e-06, 1.9827899422460106e-06, 2.0483191030913783
