########################
###### INPUT INFO ######
########################

Nwalkers = 150
Nburn = 20000
Nsteps = 20000

2457166.2599820495,1113.4494649962382,491.2163268854319,89.91656015392128,0.02601539540047901,0.44910533496287974,0.020716375446003698,-4.395467581503189,-4.144795895174802,-3.8640049306179174

----Final Results----- 

Parameter Name, Median Value, Err-, Err+, GR statistic
	t0: 2457166.260319096, 0.001654330175369978, 0.001642789226025343, 1.007420309481643
	per: 61.85828198456238, 9.94918471519668e-05, 0.00010096722737529262, 1.006727762874818
	a: 29.59387220621965, 2.908999432514026, 4.153142896103283, 1.0380113085812492
	inc: 88.73905755900296, 0.30710916626621554, 0.413492346276513, 1.0424791107977498
	rp: 0.02560857703605152, 0.000627596761974776, 0.0004923793126658353, 1.0342626814536928
	q1: 0.444837451197233, 0.01497490879157043, 0.01504589740222928, 1.0093643270088115
	q2: 0.027372752950744678, 0.01760653798820834, 0.02242665922399903, 1.0081793199704057
	f1: 4.13850603777e-05, 3.0598399634411603e-06, 3.4991156716036853e-06, 1.0090220282993467
	f2: 7.167275873900861e-05, 5.221389150406909e-06, 5.8138381112490285e-06, 1.0070529534968369
	f3: 0.00013730935069748978, 1.8503221637527513e-06, 1.927145506205619e-06, 1.0084121353358124
