########################
###### INPUT INFO ######
########################

Nwalkers = 150
Nburn = 20000
Nsteps = 20000

2457166.2599820495,1113.4494649962382,491.2163268854319,89.91656015392128,0.02601539540047901,0.44910533496287974,0.020716375446003698,-4.395467581503189,-4.144795895174802,-3.8640049306179174

----Final Results----- 

Parameter Name, Median Value, Err-, Err+, GR statistic
	t0: 2457166.260308348, 0.0016572396270930767, 0.0016196565702557564, 1.0191233557500181
	per: 92.78742610497756, 0.00014719796548945396, 0.0001512277928554795, 1.0194664537500293
	a: 45.281126295623466, 4.95839092275137, 8.300658820805786, 1.1880684789773763
	inc: 89.19956737656818, 0.2300273870848173, 0.37567188782294636, 1.2150647910075516
	rp: 0.02550965111612096, 0.0007840242277182483, 0.0005540956005331416, 1.1627173905287507
	q1: 0.4444530086337938, 0.01499815707173352, 0.015016834410451707, 1.0145138365125967
	q2: 0.027348517472606058, 0.017799758235336322, 0.023280148879579823, 1.0141519434362434
	f1: 4.1353574531602166e-05, 2.994501880649133e-06, 3.366899113657734e-06, 1.0128468721019015
	f2: 7.163422896744399e-05, 5.1713142873698465e-06, 6.000771063727336e-06, 1.0122770997088073
	f3: 0.000137335902191365, 1.878604733717798e-06, 1.9042370220925732e-06, 1.0180020425941048
