########################
###### INPUT INFO ######
########################

Nwalkers = 150
Nburn = 20000
Nsteps = 20000

2457166.2599820495,1113.4494649962382,491.2163268854319,89.91656015392128,0.02601539540047901,0.44910533496287974,0.020716375446003698,-4.395467581503189,-4.144795895174802,-3.8640049306179174

----Final Results----- 

Parameter Name, Median Value, Err-, Err+, GR statistic
	t0: 2457166.260289611, 0.0016764365136623383, 0.001679158303886652, 1.0341188988541636
	per: 48.41083153396376, 7.805071637534411e-05, 7.887113967086634e-05, 1.0274058933134576
	a: 23.23591034247042, 2.389372145957978, 3.6080916440415365, 1.0755760798109932
	inc: 88.40078560857195, 0.4119918120000108, 0.5886861032757764, 1.0930492676068326
	rp: 0.02559563414588597, 0.0006895177329024095, 0.0005175614886465361, 1.0658786661782673
	q1: 0.4442575622167767, 0.014697187274784917, 0.014978134709726976, 1.0165409800592085
	q2: 0.02764398577841817, 0.01755429882338169, 0.02236968396728742, 1.0189173366676019
	f1: 4.13016775218347e-05, 3.0508693009363965e-06, 3.436341071295297e-06, 1.0237724424748706
	f2: 7.155239880149386e-05, 5.192985626322204e-06, 5.81148505588458e-06, 1.0172926649325371
	f3: 0.0001373464342854847, 1.9046715656079205e-06, 1.928429845638683e-06, 1.022464182962798
