########################
###### INPUT INFO ######
########################

Nwalkers = 150
Nburn = 20000
Nsteps = 20000

2457166.2599820495,1113.4494649962382,491.2163268854319,89.91656015392128,0.02601539540047901,0.44910533496287974,0.020716375446003698,-4.395467581503189,-4.144795895174802,-3.8640049306179174

----Final Results----- 

Parameter Name, Median Value, Err-, Err+, GR statistic
	t0: 2457166.2603475093, 0.0016718609258532524, 0.0015779528766870499, 1.0112837681786873
	per: 101.22264219437194, 0.00015714470150385296, 0.0001655612782087701, 1.008241584984656
	a: 48.824134061958446, 4.928055267288784, 7.5488494758925455, 1.0977252795860568
	inc: 89.2448516945083, 0.1932404513144661, 0.28167878096660104, 1.1203635692711376
	rp: 0.02556771585542974, 0.0006876088814292171, 0.0005073068487377805, 1.0839810859709236
	q1: 0.4444438896409408, 0.014839908832160631, 0.015120164517294199, 1.0178349619341422
	q2: 0.027503079730273314, 0.017589477506182283, 0.023062856598967993, 1.0319065659016786
	f1: 4.140237536218599e-05, 3.068377723354939e-06, 3.491979984077351e-06, 1.034915351451361
	f2: 7.166829704285602e-05, 5.189381869653311e-06, 5.935709207700911e-06, 1.0198048635838675
	f3: 0.00013730220547929518, 1.931539393081218e-06, 1.956416097673169e-06, 1.0280050902078022
