########################
###### INPUT INFO ######
########################

Nwalkers = 150
Nburn = 20000
Nsteps = 20000

2457166.2599820495,1113.4494649962382,491.2163268854319,89.91656015392128,0.02601539540047901,0.44910533496287974,0.020716375446003698,-4.395467581503189,-4.144795895174802,-3.8640049306179174

----Final Results----- 

Parameter Name, Median Value, Err-, Err+, GR statistic
	t0: 2457166.260342142, 0.0016597765497863293, 0.0016866065561771393, 1.015733810429675
	per: 222.6898138197102, 0.00036399622811700283, 0.00035963834355356994, 1.0126920435532987
	a: 107.13466674987882, 10.916926022650685, 17.001058982846317, 1.0683733299768976
	inc: 89.65461305992487, 0.08863042222961326, 0.1310559614234137, 1.0903258374022429
	rp: 0.02557821219636386, 0.0006996339144703656, 0.0005179954404388801, 1.0601030768781734
	q1: 0.44473264314922484, 0.014986128753520511, 0.014879182230089993, 1.0082874361341363
	q2: 0.027925408117901493, 0.017838629522639066, 0.022134388360208146, 1.007452697900593
	f1: 4.132000357911113e-05, 3.068969709093607e-06, 3.381738056091158e-06, 1.009002936530366
	f2: 7.171559113052542e-05, 5.155557369626446e-06, 5.9742946557092905e-06, 1.0097122807310546
	f3: 0.00013738727330065228, 1.9268736094443556e-06, 1.961510960373056e-06, 1.0114355222014746
