########################
###### INPUT INFO ######
########################

Nwalkers = 150
Nburn = 20000
Nsteps = 20000

2457166.2599820495,1113.4494649962382,491.2163268854319,89.91656015392128,0.02601539540047901,0.44910533496287974,0.020716375446003698,-4.395467581503189,-4.144795895174802,-3.8640049306179174

----Final Results----- 

Parameter Name, Median Value, Err-, Err+, GR statistic
	t0: 2457166.260426941, 0.0017431145533919334, 0.002024470828473568, 1.4919065193951528
	per: 58.60258793482447, 0.00010649693132336324, 0.00010602822756311525, 9703.1165534438
	a: 28.53846515052611, 3.100892163731313, 4.40418770787856, 1.321773666847826
	inc: 88.72530277413273, 0.3608021882770345, 0.5749377271942109, 1.2854218807218492
	rp: 0.025525407464011853, 0.0006442788667423323, 0.0005490953290046771, 1.1723223952129587
	q1: 0.44538571742849853, 0.014755142289775591, 0.017322918411220634, 1.2221011634459717
	q2: 0.03079928487031762, 0.020115472435550334, 0.023889482672373563, 1.0958568349264457
	f1: 4.131585550693188e-05, 2.850750078290984e-06, 3.672832046301942e-06, 1.0687902255804786
	f2: 7.212511904947491e-05, 5.411086649804607e-06, 6.2458476087803015e-06, 3.207161831141284
	f3: 0.00013770268481073914, 2.0730663547313666e-06, 2.473965170734908e-06, 6.513999933889709
