########################
###### INPUT INFO ######
########################

Nwalkers = 150
Nburn = 20000
Nsteps = 20000

2457166.2599820495,1113.4494649962382,491.2163268854319,89.91656015392128,0.02601539540047901,0.44910533496287974,0.020716375446003698,-4.395467581503189,-4.144795895174802,-3.8640049306179174

----Final Results----- 

Parameter Name, Median Value, Err-, Err+, GR statistic
	t0: 2457166.2603078038, 0.0016550305299460888, 0.0016475836746394634, 1.0070646792604296
	per: 74.22994050899182, 0.00011908049944509003, 0.0001198018432404524, 1.007084418325315
	a: 35.54689246873587, 3.537535023041066, 5.238810381446768, 1.0371945905840692
	inc: 88.95199137588085, 0.25925915414529754, 0.36244413708541856, 1.04117042539467
	rp: 0.025601519286332145, 0.0006523338940248417, 0.0005000175235712091, 1.0332429560460614
	q1: 0.4448439651588701, 0.014995016639869185, 0.015166010975597055, 1.0075822918841155
	q2: 0.02791797624362207, 0.017868038226501362, 0.022656450175407218, 1.0058849582347928
	f1: 4.1332072284842124e-05, 3.060452041148797e-06, 3.4235420761301696e-06, 1.006776251912031
	f2: 7.153944609458138e-05, 5.192797096098301e-06, 5.946883220619945e-06, 1.0082291630369173
	f3: 0.0001373404230689497, 1.8821593970361043e-06, 1.9436052002585243e-06, 1.0088553462993468
