########################
###### INPUT INFO ######
########################

Nwalkers = 150
Nburn = 20000
Nsteps = 20000

2457166.2599820495,1113.4494649962382,491.2163268854319,89.91656015392128,0.02601539540047901,0.44910533496287974,0.020716375446003698,-4.395467581503189,-4.144795895174802,-3.8640049306179174

----Final Results----- 

Parameter Name, Median Value, Err-, Err+, GR statistic
	t0: 2457166.260304616, 0.0016355453990399837, 0.0016342001035809517, 1.0236804474553138
	per: 123.7165671409962, 0.00020027436605118965, 0.00019920337695111812, 1.0229207329670762
	a: 58.95347174606421, 5.711943741739702, 8.714902589546384, 1.0741809717394712
	inc: 89.36396704526874, 0.15109321899888073, 0.21716166373921908, 1.0906483778362923
	rp: 0.025620340417575094, 0.0006551854388154553, 0.0004907134176304791, 1.0659524168713057
	q1: 0.44519383237544374, 0.015161648991530718, 0.014834422352771881, 1.0175534524021
	q2: 0.02755175026143546, 0.017521626681089572, 0.02231782509433702, 1.014025580357931
	f1: 4.1359324406628407e-05, 3.0353326187334873e-06, 3.4082675566126806e-06, 1.0100963237337706
	f2: 7.142847002216708e-05, 5.139049557508182e-06, 5.979094760256233e-06, 1.0166025698004952
	f3: 0.00013734842306736142, 1.90959070175243e-06, 1.9226133439853414e-06, 1.0135125747298517
