########################
###### INPUT INFO ######
########################

Nwalkers = 150
Nburn = 20000
Nsteps = 20000

2457163.1600167206,31.70667148638522,12.26057435819745,84.5659100928553,0.17747693371238588,0.4572197933023505,0.05337693527366402,-4.367984160563727,-4.344680773456115,-3.8818839755259296

----Final Results----- 

Parameter Name, Median Value, Err-, Err+, GR statistic
	t0: 2457163.160406756, 0.00284001836553216, 0.002296397928148508, 1.1624524596342325
	per: 31.706581487667393, 0.0002536082732831346, 0.00017005598353847518, 1.6386639572902388
	a: 17.68121917841907, 4.001182945296151, 48.4311394281585, 2.2329922774713205
	inc: 86.79184135160425, 1.1994088227220772, 2.631378951192872, 2.2900113755854425
	rp: 0.023853308097763627, 0.007073781523645836, 0.04532543547506138, 1.35621890496022
	q1: 0.4556567773763705, 0.01622669822816497, 0.016101383813447556, 1.0620699181769322
	q2: 0.04991630964173027, 0.026418592556789522, 0.02794320252585518, 1.082151465068409
	f1: 4.1673032693072844e-05, 3.4997429586757433e-06, 4.0889459486143125e-06, 1.1279883772310355
	f2: 4.639972491599563e-05, 5.549673009716801e-06, 6.693951650888699e-06, 1.0946522310429074
	f3: 0.00013306500498727993, 3.0196861828091605e-06, 3.18500188473971e-06, 1.104761535476013
