########################
###### INPUT INFO ######
########################

Nwalkers = 150
Nburn = 20000
Nsteps = 20000

2457142.0194182983,819.5023123129421,396.7384044583752,89.911625469405,0.03772267048434868,0.44801567386720487,0.04210989322667284,-4.22925042319481

----Final Results----- 

Parameter Name, Median Value, Err-, Err+, GR statistic
	t0: 2457142.0194229465, 0.0010425932705402374, 0.001024054829031229, 1.0714687350414716
	per: 532.5794823131021, 336.82973041210164, 320.79634818243346, 1.1853455565376665
	a: 283.1572660683994, 177.05794439010663, 172.44615458366798, 1.171228689012822
	inc: 89.91026104102342, 0.045137737530424715, 0.2244838022221387, 1.6637020107211378
	rp: 0.036862244147170875, 0.0007810785158866781, 0.001148149147467338, 3.546794708036571
	q1: 2.8305332975554363, 2.3937510138174862, -2.3636985494094263, 1.0487709153137157
	q2: 1.0990048986420968, 1.082070090554559, -1.0317586944606676, 1.0577932517150979
	f1: 6.0122716388268454e-05, 4.252427121855788, -4.188294354458379, 2.9572812407356683
