########################
###### INPUT INFO ######
########################

Nwalkers = 50
Nburn = 10
Nsteps = 10

2457152.281653219,15.572095005821156,20.046182550540937,89.30619631031729,0.016178323281553122,0.7769470165541468,0.628178521958225

----Final Results----- 

Parameter Name, Median Value, Err-, Err+, GR statistic
t0: 2457152.281585377, 0.00027806172147393227, 0.0002740616910159588, 1.075
per: 15.572098242945389, 8.807639721553073e-06, 9.369360915556513e-06, 1.075
a: 18.885408728870992, 1.3253640560918782, 0.8260728496140288, 1.062
inc: 88.77444812106616, 0.4831796761703373, 0.3461323420909963, 1.064
rp: 0.01669328681432481, 0.0003472275573386911, 0.0006239105105263869, 1.051
q1: 0.7203686999180134, 0.07575543319858957, 0.06365118639850664, 1.063
q2: 0.6671630425093588, 0.0772885606830952, 0.07145153249583747, 1.082
