########################
###### INPUT INFO ######
########################

Nwalkers = 100
Nburn = 20000
Nsteps = 20000

2457152.28120701,15.57185079156165,8.862753729070542,84.02073664238316,0.022917470145250196,0.4442817072011571,0.35469080053524055,-4.277255151404574

----Final Results----- 

Parameter Name, Median Value, Err-, Err+, GR statistic
	t0: 2457152.283107371, 0.0027893492951989174, 0.002426321152597666, 1.07352717649831
	per: 15.571365122342126, 0.0014407414752994896, 0.0015270588716855826, 1.0699527808498963
	a: 13.736764173855608, 4.326997223877395, 6.907078037775062, 1.2215460992543696
	inc: 86.70827697789913, 2.265906989541236, 2.2892397393223973, 1.2357946987461408
	rp: 0.020018824832934587, 0.0024476557101047874, 0.0025144470753227267, 1.2364803704685607
	q1: 0.5152964452681218, 0.3256810277772582, 0.2562269131393836, 1.0814445197616378
	q2: 0.33973168577611024, 0.23878406512622685, 0.3134185026405386, 1.0827461884803051
	f1: 5.2741060850840035e-05, 6.786766012838798e-07, 7.031934549555019e-07, 1.0602237769424407
