########################
###### INPUT INFO ######
########################

Nwalkers = 150
Nburn = 20000
Nsteps = 20000

2457186.914178645,1084.1617024351133,465.4396957392554,89.98553626401359,0.06588063837693603,0.46190782815006787,0.023912302394869106,-4.265394572000749,-4.013671635163564,-3.8407181713551846

----Final Results----- 

Parameter Name, Median Value, Err-, Err+, GR statistic
	t0: 2457186.9141327934, 0.00036318087950348854, 0.00036015966907143593, 1.145956168990841
	per: 67.76011146832545, 2.6152614893248938e-05, 2.4639426314365664e-05, 30147.385069988413
	a: 29.12280544456653, 0.24523986603213288, 0.13912784604786665, 2.407984422283066
	inc: 89.78851970597988, 0.10892017632544082, 0.13668303096534373, 1.05758051565782
	rp: 0.06585979410841782, 9.539632184464575e-05, 0.00012817765842440543, 1.2243817581455168
	q1: 0.45719918328593456, 0.012991787621905837, 0.011704759591334213, 1.039122448320398
	q2: 0.031862669876457264, 0.020576300740312636, 0.023137220773144604, 1.0298533755906891
	f1: 5.5262808890684123e-05, 3.3173316966490722e-06, 3.9878440981323005e-06, 1.7831286176335714
	f2: 9.501853851530637e-05, 6.1838281229710675e-06, 6.9580104917349325e-06, 1.037709152356025
	f3: 0.0001443665223764979, 1.6380517455420827e-06, 1.69326439809005e-06, 1.0484446835175087
