########################
###### INPUT INFO ######
########################

Nwalkers = 150
Nburn = 20000
Nsteps = 20000

2457186.914178645,1084.1617024351133,465.4396957392554,89.98553626401359,0.06588063837693603,0.46190782815006787,0.023912302394869106,-4.265394572000749,-4.013671635163564,-3.8407181713551846

----Final Results----- 

Parameter Name, Median Value, Err-, Err+, GR statistic
	t0: 2457186.9141472704, 0.0003613480366766453, 0.0003538094460964203, 1.0203967768294189
	per: 361.3872700043997, 0.00013119123849492098, 0.00012803591283727656, 1.0225913848049868
	a: 155.3510647389848, 1.2595959517276754, 0.6901895449463211, 1.0875139904169946
	inc: 89.96154055195188, 0.023074596755392918, 0.02516901725213927, 1.0689830204669297
	rp: 0.06586691526953274, 9.215539164525444e-05, 0.00013430688882577757, 1.0697369286877392
	q1: 0.45759892857879725, 0.013245647424438178, 0.011037870271946859, 1.0220241276075726
	q2: 0.031206468558492483, 0.01998152752303197, 0.024094558989792993, 1.0214343450679193
	f1: 5.508472000998303e-05, 3.1559017851841506e-06, 3.4735769795335737e-06, 1.0222813340050527
	f2: 9.531979057014686e-05, 6.146183004628533e-06, 6.848265612053307e-06, 1.0144690360598037
	f3: 0.0001443813330799562, 1.65297210417216e-06, 1.6505973181182116e-06, 1.0203917435228897
