########################
###### INPUT INFO ######
########################

Nwalkers = 150
Nburn = 20000
Nsteps = 20000

2457186.914178645,1084.1617024351133,465.4396957392554,89.98553626401359,0.06588063837693603,0.46190782815006787,0.023912302394869106,-4.265394572000749,-4.013671635163564,-3.8407181713551846

----Final Results----- 

Parameter Name, Median Value, Err-, Err+, GR statistic
	t0: 2457186.9141349555, 0.00034629274159669876, 0.00035414518788456917, 1.0160423142195028
	per: 271.0404531562923, 9.724601505922692e-05, 9.608068347688459e-05, 1.016106687225888
	a: 116.4979967329927, 0.9035924661520909, 0.5294023880335317, 1.059759251381382
	inc: 89.94834967814009, 0.029562534304318433, 0.0330094219373791, 1.0483647629228157
	rp: 0.06586495546566151, 8.846362611293623e-05, 0.00012921275784232022, 1.0484707023756041
	q1: 0.45737439302304295, 0.013500124493384669, 0.011253155811159599, 1.0195794888707101
	q2: 0.03180856470001568, 0.020091334706097044, 0.024580442623040308, 1.0184898277252734
	f1: 5.511078115354893e-05, 3.1745891232571428e-06, 3.403893378363001e-06, 1.021340668011242
	f2: 9.529291078065944e-05, 6.275374019070764e-06, 6.823539375917505e-06, 1.0126922123738311
	f3: 0.0001443829124481564, 1.6037751437829328e-06, 1.6215967381780672e-06, 1.0199364311233885
