########################
###### INPUT INFO ######
########################

Nwalkers = 150
Nburn = 20000
Nsteps = 20000

2457186.914178645,1084.1617024351133,465.4396957392554,89.98553626401359,0.06588063837693603,0.46190782815006787,0.023912302394869106,-4.265394572000749,-4.013671635163564,-3.8407181713551846

----Final Results----- 

Parameter Name, Median Value, Err-, Err+, GR statistic
	t0: 2457186.914146843, 0.0003501232713460922, 0.0003517298027873039, 1.0150806244692514
	per: 180.69363310509127, 6.443904405273315e-05, 6.453624010305248e-05, 1.0162613685078699
	a: 77.67818690026868, 0.6112334820782053, 0.34628555084668733, 1.0489384404403108
	inc: 89.92340791326535, 0.04512780018856688, 0.05006200677992467, 1.042158155486264
	rp: 0.06586294526745418, 8.958042511866826e-05, 0.0001287972804905474, 1.043669220582051
	q1: 0.4579565284690591, 0.013384053489336634, 0.01105915124068857, 1.0165226985017457
	q2: 0.031162804332738207, 0.01981878114996261, 0.0239188332059381, 1.0176899525820182
	f1: 5.513430002111024e-05, 3.2994270898102036e-06, 3.507399248735667e-06, 1.017818390332391
	f2: 9.554697196716926e-05, 6.252702287504267e-06, 6.935651510280879e-06, 1.0184359827349019
	f3: 0.00014433415179650755, 1.6295743029896934e-06, 1.6660484189910056e-06, 1.011885873041508
