########################
###### INPUT INFO ######
########################

Nwalkers = 150
Nburn = 20000
Nsteps = 20000

2457186.914178645,1084.1617024351133,465.4396957392554,89.98553626401359,0.06588063837693603,0.46190782815006787,0.023912302394869106,-4.265394572000749,-4.013671635163564,-3.8407181713551846

----Final Results----- 

Parameter Name, Median Value, Err-, Err+, GR statistic
	t0: 2457186.9141469365, 0.00035386672243475914, 0.0003540734760463238, 1.0178800447295215
	per: 216.83236096888493, 7.713600683700861e-05, 7.729640884690525e-05, 1.018974639571982
	a: 93.2191097632022, 0.7145836239789674, 0.4111125461849525, 1.0561744717927442
	inc: 89.9367557959624, 0.037273590549759206, 0.04157548066699235, 1.046970678180017
	rp: 0.06586305715354311, 8.833507873313995e-05, 0.00012596359528170564, 1.04973672608558
	q1: 0.4576018289775769, 0.013789949402124635, 0.011293400333664994, 1.0188283202700517
	q2: 0.03126159817433306, 0.019998367312916442, 0.02510996999914715, 1.02063713464904
	f1: 5.510659032989239e-05, 3.22325072198116e-06, 3.5317894120613107e-06, 1.0161721652398203
	f2: 9.52208761912151e-05, 6.151328388405582e-06, 6.864717454071936e-06, 1.0172280709093318
	f3: 0.00014436824069432195, 1.6068291736694206e-06, 1.631737630058039e-06, 1.0157951914291439
