########################
###### INPUT INFO ######
########################

Nwalkers = 150
Nburn = 20000
Nsteps = 20000

2457186.914178645,1084.1617024351133,465.4396957392554,89.98553626401359,0.06588063837693603,0.46190782815006787,0.023912302394869106,-4.265394572000749,-4.013671635163564,-3.8407181713551846

----Final Results----- 

Parameter Name, Median Value, Err-, Err+, GR statistic
	t0: 2457186.9141425174, 0.0003470052033662796, 0.00036699557676911354, 60.83361382857716
	per: 542.080901945392, 0.00019549470869151264, 0.00018985355984568741, 60.39556480931383
	a: 232.97989410648532, 1.9924929284690052, 1.0785319390030281, 1.1633055467299218
	inc: 89.9740098354143, 0.015642966411320458, 0.016755737157481576, 1.0936593082206016
	rp: 0.06586375984399251, 9.282131708091002e-05, 0.00013459842303537028, 1.3916178053649415
	q1: 0.45789992464384655, 0.013881729941912446, 0.011247628437661528, 2.975094829900434
	q2: 0.030642507831208445, 0.019646045900128483, 0.025597127734477535, 3.1348491410357533
	f1: 5.522600584658751e-05, 3.264351950663005e-06, 3.6423870748141193e-06, 20.095739173540466
	f2: 9.550535736183061e-05, 6.3891490182156505e-06, 7.184995640354888e-06, 6.77710200664889
	f3: 0.00014439068595979314, 1.6287385217554878e-06, 1.6671199846254078e-06, 5.300070388112283
