########################
###### INPUT INFO ######
########################

Nwalkers = 150
Nburn = 20000
Nsteps = 20000

2457186.914178645,1084.1617024351133,465.4396957392554,89.98553626401359,0.06588063837693603,0.46190782815006787,0.023912302394869106,-4.265394572000749,-4.013671635163564,-3.8407181713551846

----Final Results----- 

Parameter Name, Median Value, Err-, Err+, GR statistic
	t0: 2457186.9141237848, 0.00039994437247514725, 0.0003663073293864727, 1.297102467944314
	per: 60.231202313669904, 3.1700381565829048, 2.6643743488818927e-05, 66307.01297049044
	a: 25.824642385838928, 1.26761903297756, 0.17587810456731034, 4.603370123937076
	inc: 89.75774428193215, 0.141413914840129, 0.15273735610779227, 1.2266535064877326
	rp: 0.06587215141300697, 9.055934417925848e-05, 0.00014002014230955762, 1.2001839861192227
	q1: 0.45656596897170265, 0.0148486052992996, 0.011707261916948153, 1.5523824792952967
	q2: 0.03278592863078876, 0.021001149616040726, 0.02700685905654679, 1.605577832453202
	f1: 5.513808847708993e-05, 3.1820760767138756e-06, 3.7566718212691304e-06, 2.6580187691149333
	f2: 9.54637459077612e-05, 6.635770938350031e-06, 6.847369911851988e-06, 1.2295485127763068
	f3: 0.00014433650315246268, 1.6327813249766962e-06, 1.7713552294318553e-06, 1.205304916288863
