########################
###### INPUT INFO ######
########################

Nwalkers = 150
Nburn = 20000
Nsteps = 20000

2457186.914178645,1084.1617024351133,465.4396957392554,89.98553626401359,0.06588063837693603,0.46190782815006787,0.023912302394869106,-4.265394572000749,-4.013671635163564,-3.8407181713551846

----Final Results----- 

Parameter Name, Median Value, Err-, Err+, GR statistic
	t0: 2457186.9141026726, 0.0004476015456020832, 0.0003853878006339073, 41.36799385310396
	per: 72.27746820210878, 3.367279943233825e-05, 5.162645747616722, 4980.131461541577
	a: 31.139747597751914, 0.2732538963420943, 1.9011384880091953, 5.352919366782746
	inc: 89.79267292481822, 0.09737230545360376, 0.12131859254782285, 1.103847246450415
	rp: 0.0658630993941288, 0.00010525786930813685, 0.00013023575054788017, 1.3739752335697373
	q1: 0.4564294879542545, 0.01643118074872879, 0.01173576355190159, 1.341673147093344
	q2: 0.03330197377625595, 0.02120405012985467, 0.030187960359659774, 1.3266770332601021
	f1: 5.568215949949425e-05, 3.5269547648361614e-06, 4.640829849972921e-06, 10.809436863197098
	f2: 9.584879067922336e-05, 6.57031377989493e-06, 9.010093244165505e-06, 1.3930643028453138
	f3: 0.00014444980568189934, 1.6524063659232148e-06, 1.8748345010130942e-06, 1.2973549805908302
