########################
###### INPUT INFO ######
########################

Nwalkers = 150
Nburn = 20000
Nsteps = 20000

2457186.914178645,1084.1617024351133,465.4396957392554,89.98553626401359,0.06588063837693603,0.46190782815006787,0.023912302394869106,-4.265394572000749,-4.013671635163564,-3.8407181713551846

----Final Results----- 

Parameter Name, Median Value, Err-, Err+, GR statistic
	t0: 2457186.9141391637, 0.0003461637534201145, 0.0003494834527373314, 1.0187332719175217
	per: 83.39706240149343, 2.9487318641940874e-05, 2.942724485421877e-05, 1.018024172273116
	a: 35.850940102564195, 0.27703550012708433, 0.16266667902977616, 1.0624008691427083
	inc: 89.83233078167063, 0.09605926860606928, 0.10836573397584459, 1.0551788712217522
	rp: 0.06586609143419161, 8.989990423165228e-05, 0.00012819030436882206, 1.0559560665543641
	q1: 0.4577494361930976, 0.01353136612516187, 0.011026318448197958, 1.0220881554023316
	q2: 0.03108744630254188, 0.02014194236572479, 0.024627511788587696, 1.0227000609667733
	f1: 5.5136714058103e-05, 3.243122050914984e-06, 3.4330000501572855e-06, 1.0144270213415503
	f2: 9.528876820357183e-05, 6.217270673146953e-06, 6.83287667965379e-06, 1.0165370077303866
	f3: 0.00014434467576865593, 1.628173671451127e-06, 1.6278652427289219e-06, 1.0147278495667356
