########################
###### INPUT INFO ######
########################

Nwalkers = 150
Nburn = 20000
Nsteps = 20000

2457186.914178645,1084.1617024351133,465.4396957392554,89.98553626401359,0.06588063837693603,0.46190782815006787,0.023912302394869106,-4.265394572000749,-4.013671635163564,-3.8407181713551846

----Final Results----- 

Parameter Name, Median Value, Err-, Err+, GR statistic
	t0: 2457186.9141644384, 0.00035132095217704773, 0.0003440259024500847, 1.0204783545523837
	per: 154.88025492743185, 5.344386545402813e-05, 5.470713830391105e-05, 1.022625251144895
	a: 66.60905427706142, 0.5014089133489534, 0.2737945841088134, 1.0889709533129386
	inc: 89.91419290976967, 0.052248730354776285, 0.05571214725122786, 1.0666253166425956
	rp: 0.06585984755142332, 8.445218027910983e-05, 0.00012217760156768565, 1.0724374907550198
	q1: 0.4576441384178234, 0.013074201952352038, 0.01060454714313569, 1.0332580545366425
	q2: 0.031284209408802686, 0.019471520991265843, 0.024144386745497994, 1.0332777832841389
	f1: 5.519789858444843e-05, 3.1817550906093446e-06, 3.4867008822462634e-06, 1.0218677139469232
	f2: 9.535454674269644e-05, 6.159974118408976e-06, 6.74932383341882e-06, 1.0256146333366356
	f3: 0.00014435222048934829, 1.5860734251050884e-06, 1.6712714527010745e-06, 1.0205390163870158
