########################
###### INPUT INFO ######
########################

Nwalkers = 150
Nburn = 20000
Nsteps = 20000

2457186.914178645,1084.1617024351133,465.4396957392554,89.98553626401359,0.06588063837693603,0.46190782815006787,0.023912302394869106,-4.265394572000749,-4.013671635163564,-3.8407181713551846

----Final Results----- 

Parameter Name, Median Value, Err-, Err+, GR statistic
	t0: 2457186.914151039, 0.0003571570850908756, 0.00035371631383895874, 1.019338107830324
	per: 1084.161805221427, 0.0003852004824693722, 0.0003928063972580276, 1.0205134977496277
	a: 466.05309230421915, 3.807953078231094, 2.058538143539863, 1.0722765329987136
	inc: 89.98724089989179, 0.007760641504887644, 0.008175114149594265, 1.057858928660157
	rp: 0.06586279713012703, 9.046325576000935e-05, 0.00013136929195958769, 1.0675471002214794
	q1: 0.45757775663412925, 0.013889264168991833, 0.011198992675244601, 1.019904323777369
	q2: 0.03145001281541936, 0.019924643430955236, 0.025065563971059947, 1.0214269630475834
	f1: 5.5214671289240344e-05, 3.231824200781697e-06, 3.4933865055335265e-06, 1.019094386498864
	f2: 9.523014828921373e-05, 6.153419237801328e-06, 6.935733073694251e-06, 1.0178237804767511
	f3: 0.0001442777340036898, 1.620667976340881e-06, 1.6777234650557982e-06, 1.0156151574902237
