########################
###### INPUT INFO ######
########################

Nwalkers = 150
Nburn = 20000
Nsteps = 20000

2457186.914178645,1084.1617024351133,465.4396957392554,89.98553626401359,0.06588063837693603,0.46190782815006787,0.023912302394869106,-4.265394572000749,-4.013671635163564,-3.8407181713551846

----Final Results----- 

Parameter Name, Median Value, Err-, Err+, GR statistic
	t0: 2457186.9141412308, 0.00035199476405978203, 0.0003616861067712307, 1.0157882016011013
	per: 63.774224092282935, 2.2985656777052554e-05, 2.2705938768297074e-05, 1.0160167527297885
	a: 27.422086177529113, 0.22087549561481623, 0.12148051376675184, 1.0604936576979738
	inc: 89.78388041692142, 0.13122365382801604, 0.14119243818312555, 1.0514054496147034
	rp: 0.06586430923908665, 8.948108144712918e-05, 0.00013173783402430084, 1.0552074194856242
	q1: 0.4578341089627471, 0.013444691841866474, 0.011050081418242153, 1.0216164771433307
	q2: 0.030742050519417127, 0.019620920975004518, 0.024686988928880077, 1.022100631852054
	f1: 5.521787334124204e-05, 3.2386079143018295e-06, 3.6423458779723237e-06, 1.0181050325963463
	f2: 9.543083008813977e-05, 6.313082125362207e-06, 6.920736094714406e-06, 1.014081342064215
	f3: 0.000144355500306076, 1.5872799321909768e-06, 1.6160854380501278e-06, 1.0152621557113801
