########################
###### INPUT INFO ######
########################

Nwalkers = 150
Nburn = 20000
Nsteps = 20000

2457186.914178645,1084.1617024351133,465.4396957392554,89.98553626401359,0.06588063837693603,0.46190782815006787,0.023912302394869106,-4.265394572000749,-4.013671635163564,-3.8407181713551846

----Final Results----- 

Parameter Name, Median Value, Err-, Err+, GR statistic
	t0: 2457186.914123714, 0.0003521507605910301, 0.0003568609245121479, 1.022362081327008
	per: 120.46242529972491, 4.3083217676098684e-05, 4.3017985987603424e-05, 1.0209656137543113
	a: 51.801782758095456, 0.4010548859195211, 0.21624959976222158, 1.070444583236335
	inc: 89.8883129094583, 0.06801526058009699, 0.07188827856815294, 1.0571762149202226
	rp: 0.06585927424469228, 8.591421584484837e-05, 0.00012580802243437883, 1.0613926986097488
	q1: 0.4571861675027549, 0.013562340739706857, 0.01104340083682076, 1.0304029216578512
	q2: 0.03229957787907497, 0.02016298750343181, 0.024247781900833904, 1.0298859269529503
	f1: 5.506764043987826e-05, 3.1731058269400167e-06, 3.503930410273887e-06, 1.0238294544491178
	f2: 9.546955162116104e-05, 6.2723995183222575e-06, 6.99765496495273e-06, 1.0262325304048374
	f3: 0.00014437124776221856, 1.5855613273834117e-06, 1.6261005630468367e-06, 1.0236903221184854
