########################
###### INPUT INFO ######
########################

Nwalkers = 150
Nburn = 20000
Nsteps = 20000

2457186.914178645,1084.1617024351133,465.4396957392554,89.98553626401359,0.06588063837693603,0.46190782815006787,0.023912302394869106,-4.265394572000749,-4.013671635163564,-3.8407181713551846

----Final Results----- 

Parameter Name, Median Value, Err-, Err+, GR statistic
	t0: 2457186.914145442, 0.0003532925620675087, 0.00034865178167819977, 1.0230169655662866
	per: 90.346817279503, 3.204914617072063e-05, 3.204522322164394e-05, 1.021736344418748
	a: 38.863510827237945, 0.2927777249134422, 0.15742651726286994, 1.1012843958841372
	inc: 89.85505328060655, 0.09091507015769196, 0.0957888917171772, 1.0839175279972626
	rp: 0.06586006324404721, 8.658357452891174e-05, 0.00012472321363046768, 1.088971827215116
	q1: 0.45755347644654465, 0.013422482627011012, 0.011046850083363424, 1.026691617358421
	q2: 0.03133079164119933, 0.020118170075852315, 0.02448524203969584, 1.0316476181521093
	f1: 5.508917105775466e-05, 3.2825855877346207e-06, 3.6588125281375913e-06, 1.0207083294592578
	f2: 9.533354616870777e-05, 6.176960225452472e-06, 6.995305028415351e-06, 1.0363816409896582
	f3: 0.00014444187208284507, 1.5971020530447446e-06, 1.5979842273414647e-06, 1.027546892833989
