########################
###### INPUT INFO ######
########################

Nwalkers = 150
Nburn = 20000
Nsteps = 20000

2457186.914178645,1084.1617024351133,465.4396957392554,89.98553626401359,0.06588063837693603,0.46190782815006787,0.023912302394869106,-4.265394572000749,-4.013671635163564,-3.8407181713551846

----Final Results----- 

Parameter Name, Median Value, Err-, Err+, GR statistic
	t0: 2457186.914154924, 0.00035935454070568085, 0.00034745363518595695, 1.0244576669985148
	per: 108.41617980654586, 3.8764964571669225e-05, 3.810390018088583e-05, 1.0309188931640643
	a: 46.613904086955856, 0.3700390965772158, 0.19956770327344486, 1.0781416275495
	inc: 89.87395650939915, 0.07682969227201397, 0.0804112252781124, 1.063857512013113
	rp: 0.06586094234596154, 8.987019497770643e-05, 0.0001364892080467639, 1.0688507892376242
	q1: 0.45740200722271035, 0.013742008662978422, 0.011491401292126835, 1.030989607323001
	q2: 0.031794244775116866, 0.020582158631307145, 0.025347801934414042, 1.0333255278383506
	f1: 5.5057117377436965e-05, 3.240963132498183e-06, 3.6162212924281014e-06, 1.0242161153872311
	f2: 9.547506526683491e-05, 6.307874084221431e-06, 6.921785444987232e-06, 1.02970579628002
	f3: 0.00014429729522338205, 1.638016978369191e-06, 1.6433009393442834e-06, 1.0255954587697038
