########################
###### INPUT INFO ######
########################

Nwalkers = 150
Nburn = 20000
Nsteps = 20000

2457186.914178645,1084.1617024351133,465.4396957392554,89.98553626401359,0.06588063837693603,0.46190782815006787,0.023912302394869106,-4.265394572000749,-4.013671635163564,-3.8407181713551846

----Final Results----- 

Parameter Name, Median Value, Err-, Err+, GR statistic
	t0: 2457186.914142904, 0.0003558844327926636, 0.00034542055800557137, 1.0338240603456914
	per: 77.44014714961267, 3.7512556289698296e-05, 5.956917603271563, 103315.38721375169
	a: 33.41402380164453, 0.30343929582132745, 2.511344378789886, 6.8184803570762265
	inc: 89.83596586987223, 0.11221627709312543, 0.11059979080876303, 1.1123214724052735
	rp: 0.06585798594367705, 8.519488922432983e-05, 0.00013103692707472359, 1.0852941746224298
	q1: 0.45685169979418205, 0.013760059986401563, 0.011690150199739846, 1.040823130424473
	q2: 0.03215858698572799, 0.02077682077928907, 0.025214675445169837, 1.042876930529076
	f1: 5.504976263180599e-05, 3.0820448251124485e-06, 3.6274390585513814e-06, 1.0280753651263719
	f2: 9.543358562298204e-05, 6.026614340029097e-06, 6.792064226434499e-06, 1.0297996091245785
	f3: 0.00014437101826504837, 1.5952442872520895e-06, 1.626916182372089e-06, 1.0291233596362135
