########################
###### INPUT INFO ######
########################

Nwalkers = 150
Nburn = 20000
Nsteps = 20000

2457186.914178645,1084.1617024351133,465.4396957392554,89.98553626401359,0.06588063837693603,0.46190782815006787,0.023912302394869106,-4.265394572000749,-4.013671635163564,-3.8407181713551846

----Final Results----- 

Parameter Name, Median Value, Err-, Err+, GR statistic
	t0: 2457186.9141553766, 0.00035355519503355026, 0.0003569573163986206, 1.0191583672311038
	per: 98.56016313522201, 3.4932382106944715e-05, 3.5580937336021634e-05, 1.0197091313174045
	a: 42.37425891466231, 0.33345629755082484, 0.18628492547718878, 1.0570444415462978
	inc: 89.86034920100856, 0.08344234524187755, 0.09052503075649554, 1.0492122155922565
	rp: 0.06586375831662915, 8.994817162556734e-05, 0.00012978550015110835, 1.0492431967796667
	q1: 0.45773969739480674, 0.013557289827544006, 0.010931399299811628, 1.0209453221703697
	q2: 0.03110302448700663, 0.019690114946462813, 0.02491670061239199, 1.0231742866386397
	f1: 5.513455955832632e-05, 3.131709783758238e-06, 3.5364045946886116e-06, 1.014909264133303
	f2: 9.539667256976506e-05, 6.236340960846673e-06, 6.995731672836125e-06, 1.0137207221271722
	f3: 0.00014427462916442039, 1.5757910123528657e-06, 1.6404279808621125e-06, 1.0149824921116308
