########################
###### INPUT INFO ######
########################

Nwalkers = 150
Nburn = 20000
Nsteps = 20000

2457186.914178645,1084.1617024351133,465.4396957392554,89.98553626401359,0.06588063837693603,0.46190782815006787,0.023912302394869106,-4.265394572000749,-4.013671635163564,-3.8407181713551846

----Final Results----- 

Parameter Name, Median Value, Err-, Err+, GR statistic
	t0: 2457186.914142623, 0.0003490746021270752, 0.0003511267714202404, 1.0217041339316955
	per: 135.52022556398214, 4.691486884667029e-05, 4.792170301470833e-05, 1.019799611843801
	a: 58.24874422223045, 0.4548896551146413, 0.26503852269071615, 1.076231011895398
	inc: 89.89589741570109, 0.05932417651231958, 0.06695757008739633, 1.0647397113117552
	rp: 0.06586703955454591, 9.277511201975785e-05, 0.00012906802272284745, 1.0737684385402437
	q1: 0.4575627336060192, 0.013615604561704409, 0.011397144787011926, 1.028033228761837
	q2: 0.03141681943510277, 0.020421454841917305, 0.024917078342178434, 1.0295025116248033
	f1: 5.501567465627918e-05, 3.1734501457564767e-06, 3.5502143552947226e-06, 1.0221319608273751
	f2: 9.518889972242299e-05, 6.019125533253725e-06, 6.785258600914944e-06, 1.0168706034006612
	f3: 0.0001443458754899768, 1.5889708241613356e-06, 1.6346374028487147e-06, 1.0183827750710526
