########################
###### INPUT INFO ######
########################

Nwalkers = 150
Nburn = 20000
Nsteps = 20000

2457186.914178645,1084.1617024351133,465.4396957392554,89.98553626401359,0.06588063837693603,0.46190782815006787,0.023912302394869106,-4.265394572000749,-4.013671635163564,-3.8407181713551846

----Final Results----- 

Parameter Name, Median Value, Err-, Err+, GR statistic
	t0: 2457186.9141467195, 0.00035058706998825073, 0.0003492492251098156, 1.0220883161686631
	per: 57.061147740908666, 2.0053336918124387e-05, 1.9945258387110698e-05, 1.0193345047283076
	a: 24.53628525788928, 0.18439503270159818, 0.10833590711978047, 1.0734059803613492
	inc: 89.75795798133126, 0.1391836507049078, 0.1543083513965655, 1.0639074731406797
	rp: 0.06586598074026488, 8.836091151510905e-05, 0.00012765546473125777, 1.0631385210077133
	q1: 0.45757979012118655, 0.013381948116157949, 0.01110931419743072, 1.0243472901645256
	q2: 0.030915929764653842, 0.01955479860556543, 0.024552532498971137, 1.022397771227222
	f1: 5.5251344463138375e-05, 3.2364923637860413e-06, 3.60889435276729e-06, 1.0204425813096036
	f2: 9.535047246614554e-05, 6.146445088647652e-06, 6.8471290333654784e-06, 1.023064595290594
	f3: 0.00014431696071919026, 1.6406908966462813e-06, 1.6693430354401012e-06, 1.0279598953681015
